{
    "2025": {
        "users": [
            "Alan",
            "Alexandra",
            "Anthony",
            "Koren"
        ],
        "matrix": [
            [
                1,
                0.0007007125188585219,
                0.0841833558631795,
                0.0044809136039640415
            ],
            [
                0.0007007125188585219,
                1.0,
                0.0002957826613947086,
                0.0003565212827702117
            ],
            [
                0.0841833558631795,
                0.0002957826613947086,
                1.0,
                0.09506438971011383
            ],
            [
                0.0044809136039640415,
                0.0003565212827702117,
                0.09506438971011383,
                0.9999999999999991
            ]
        ],
        "pairs": [
            {
                "users": [
                    "Alan",
                    "Alexandra"
                ],
                "cosine": 0.0007007125188585219
            },
            {
                "users": [
                    "Alan",
                    "Anthony"
                ],
                "cosine": 0.0841833558631795
            },
            {
                "users": [
                    "Alan",
                    "Koren"
                ],
                "cosine": 0.0044809136039640415
            },
            {
                "users": [
                    "Alexandra",
                    "Anthony"
                ],
                "cosine": 0.0002957826613947086
            },
            {
                "users": [
                    "Alexandra",
                    "Koren"
                ],
                "cosine": 0.0003565212827702117
            },
            {
                "users": [
                    "Anthony",
                    "Koren"
                ],
                "cosine": 0.09506438971011383
            }
        ],
        "vocab_size": 2473
    },
    "alltime": {
        "users": [
            "Alan",
            "Alexandra",
            "Anthony",
            "Koren"
        ],
        "matrix": [
            [
                0.9999999999999999,
                0.00015562590060268003,
                0.7134599876707645,
                0.10607528528796835
            ],
            [
                0.00015562590060268003,
                0.9999999999999993,
                0.00012194447813193996,
                0.0007363546105300906
            ],
            [
                0.7134599876707645,
                0.00012194447813193996,
                0.9999999999999998,
                0.136286055800947
            ],
            [
                0.10607528528796835,
                0.0007363546105300906,
                0.136286055800947,
                1.0
            ]
        ],
        "pairs": [
            {
                "users": [
                    "Alan",
                    "Alexandra"
                ],
                "cosine": 0.00015562590060268003
            },
            {
                "users": [
                    "Alan",
                    "Anthony"
                ],
                "cosine": 0.7134599876707645
            },
            {
                "users": [
                    "Alan",
                    "Koren"
                ],
                "cosine": 0.10607528528796835
            },
            {
                "users": [
                    "Alexandra",
                    "Anthony"
                ],
                "cosine": 0.00012194447813193996
            },
            {
                "users": [
                    "Alexandra",
                    "Koren"
                ],
                "cosine": 0.0007363546105300906
            },
            {
                "users": [
                    "Anthony",
                    "Koren"
                ],
                "cosine": 0.136286055800947
            }
        ],
        "vocab_size": 5858
    },
    "2024": {
        "users": [
            "Alan",
            "Alexandra",
            "Anthony",
            "Koren"
        ],
        "matrix": [
            [
                1,
                0.000981351592002382,
                0.11782873604632092,
                0.00540580509784448
            ],
            [
                0.000981351592002382,
                0.9999999999999994,
                0.00031959577429655764,
                5.617329516721115e-5
            ],
            [
                0.11782873604632092,
                0.00031959577429655764,
                0.9999999999999997,
                0.006097157968817702
            ],
            [
                0.00540580509784448,
                5.617329516721115e-5,
                0.006097157968817702,
                0.9999999999999998
            ]
        ],
        "pairs": [
            {
                "users": [
                    "Alan",
                    "Alexandra"
                ],
                "cosine": 0.000981351592002382
            },
            {
                "users": [
                    "Alan",
                    "Anthony"
                ],
                "cosine": 0.11782873604632092
            },
            {
                "users": [
                    "Alan",
                    "Koren"
                ],
                "cosine": 0.00540580509784448
            },
            {
                "users": [
                    "Alexandra",
                    "Anthony"
                ],
                "cosine": 0.00031959577429655764
            },
            {
                "users": [
                    "Alexandra",
                    "Koren"
                ],
                "cosine": 5.617329516721115e-5
            },
            {
                "users": [
                    "Anthony",
                    "Koren"
                ],
                "cosine": 0.006097157968817702
            }
        ],
        "vocab_size": 2634
    }
}