{
  "Anthony": {
    "raw_counts": [
      [693, 19, 16, 6, 9, 6, 4, 11, 16, 6],
      [11, 303, 11, 13, 12, 7, 10, 12, 6, 3],
      [21, 9, 94, 14, 24, 9, 8, 20, 16, 2],
      [10, 6, 7, 223, 13, 8, 6, 7, 3, 2],
      [10, 16, 18, 9, 27, 21, 6, 11, 17, 3],
      [5, 11, 16, 5, 17, 50, 14, 5, 14, 5],
      [9, 10, 13, 6, 15, 8, 14, 12, 5, 3],
      [13, 5, 10, 4, 18, 8, 14, 52, 4, 2],
      [6, 3, 15, 6, 12, 7, 8, 10, 71, 4],
      [6, 8, 5, 6, 1, 6, 3, 1, 1, 172]
    ],
    "artists": [
      "Kanye West",
      "Playboi Carti",
      "Drake",
      "Young Thug",
      "Future",
      "Gunna",
      "Lil Baby",
      "Kendrick Lamar",
      "21 Savage",
      "Ken Carson"
    ],
    "row_normalised": [
      [
        0.8816793893129771, 0.024173027989821884, 0.020356234096692113,
        0.007633587786259542, 0.011450381679389313, 0.007633587786259542,
        0.005089058524173028, 0.013994910941475827, 0.020356234096692113,
        0.007633587786259542
      ],
      [
        0.028350515463917526, 0.7809278350515464, 0.028350515463917526,
        0.03350515463917526, 0.030927835051546393, 0.01804123711340206,
        0.02577319587628866, 0.030927835051546393, 0.015463917525773196,
        0.007731958762886598
      ],
      [
        0.0967741935483871, 0.041474654377880185, 0.43317972350230416,
        0.06451612903225806, 0.11059907834101383, 0.041474654377880185,
        0.03686635944700461, 0.09216589861751152, 0.07373271889400922,
        0.009216589861751152
      ],
      [
        0.03508771929824561, 0.021052631578947368, 0.02456140350877193,
        0.7824561403508772, 0.0456140350877193, 0.028070175438596492,
        0.021052631578947368, 0.02456140350877193, 0.010526315789473684,
        0.007017543859649123
      ],
      [
        0.07246376811594203, 0.11594202898550725, 0.13043478260869565,
        0.06521739130434782, 0.1956521739130435, 0.15217391304347827,
        0.043478260869565216, 0.07971014492753623, 0.12318840579710146,
        0.021739130434782608
      ],
      [
        0.035211267605633804, 0.07746478873239436, 0.11267605633802817,
        0.035211267605633804, 0.11971830985915492, 0.352112676056338,
        0.09859154929577464, 0.035211267605633804, 0.09859154929577464,
        0.035211267605633804
      ],
      [
        0.09473684210526316, 0.10526315789473684, 0.1368421052631579,
        0.06315789473684211, 0.15789473684210525, 0.08421052631578947,
        0.14736842105263157, 0.12631578947368421, 0.05263157894736842,
        0.031578947368421054
      ],
      [
        0.1, 0.038461538461538464, 0.07692307692307693, 0.03076923076923077,
        0.13846153846153847, 0.06153846153846154, 0.1076923076923077, 0.4,
        0.03076923076923077, 0.015384615384615385
      ],
      [
        0.04225352112676056, 0.02112676056338028, 0.1056338028169014,
        0.04225352112676056, 0.08450704225352113, 0.04929577464788732,
        0.056338028169014086, 0.07042253521126761, 0.5, 0.028169014084507043
      ],
      [
        0.028708133971291867, 0.03827751196172249, 0.023923444976076555,
        0.028708133971291867, 0.004784688995215311, 0.028708133971291867,
        0.014354066985645933, 0.004784688995215311, 0.004784688995215311,
        0.8229665071770335
      ]
    ]
  },
  "Alexandra": {
    "raw_counts": [
      [40, 19, 18, 12, 19, 10, 9, 9, 7, 16],
      [17, 43, 16, 11, 15, 11, 17, 7, 7, 5],
      [29, 13, 36, 13, 6, 8, 7, 5, 6, 5],
      [13, 12, 11, 48, 6, 9, 6, 9, 5, 6],
      [30, 20, 16, 8, 18, 9, 6, 6, 2, 3],
      [10, 8, 11, 6, 13, 11, 4, 2, 2, 4],
      [12, 12, 7, 3, 3, 8, 25, 2, 4, 1],
      [13, 8, 13, 1, 1, 7, 6, 17, 6, 3],
      [5, 8, 9, 2, 4, 6, 6, 5, 16, 1],
      [10, 9, 13, 3, 2, 1, 3, 1, 5, 5]
    ],
    "artists": [
      "Beartooth",
      "Neck Deep",
      "State Champs",
      "Wage War",
      "Bring Me The Horizon",
      "Ashnikko",
      "I Prevail",
      "Panic! At The Disco",
      "WSTR",
      "mgk"
    ],
    "row_normalised": [
      [
        0.25157232704402516, 0.11949685534591195, 0.11320754716981132,
        0.07547169811320754, 0.11949685534591195, 0.06289308176100629,
        0.05660377358490566, 0.05660377358490566, 0.0440251572327044,
        0.10062893081761007
      ],
      [
        0.11409395973154363, 0.28859060402684567, 0.10738255033557047,
        0.0738255033557047, 0.10067114093959731, 0.0738255033557047,
        0.11409395973154363, 0.04697986577181208, 0.04697986577181208,
        0.03355704697986577
      ],
      [
        0.2265625, 0.1015625, 0.28125, 0.1015625, 0.046875, 0.0625, 0.0546875,
        0.0390625, 0.046875, 0.0390625
      ],
      [0.104, 0.096, 0.088, 0.384, 0.048, 0.072, 0.048, 0.072, 0.04, 0.048],
      [
        0.2542372881355932, 0.1694915254237288, 0.13559322033898305,
        0.06779661016949153, 0.15254237288135594, 0.07627118644067797,
        0.05084745762711865, 0.05084745762711865, 0.01694915254237288,
        0.025423728813559324
      ],
      [
        0.14084507042253522, 0.11267605633802817, 0.15492957746478872,
        0.08450704225352113, 0.18309859154929578, 0.15492957746478872,
        0.056338028169014086, 0.028169014084507043, 0.028169014084507043,
        0.056338028169014086
      ],
      [
        0.15584415584415584, 0.15584415584415584, 0.09090909090909091,
        0.03896103896103896, 0.03896103896103896, 0.1038961038961039,
        0.3246753246753247, 0.025974025974025976, 0.05194805194805195,
        0.012987012987012988
      ],
      [
        0.17333333333333334, 0.10666666666666667, 0.17333333333333334,
        0.013333333333333334, 0.013333333333333334, 0.09333333333333334, 0.08,
        0.22666666666666666, 0.08, 0.04
      ],
      [
        0.08064516129032258, 0.12903225806451613, 0.14516129032258066,
        0.03225806451612903, 0.06451612903225806, 0.0967741935483871,
        0.0967741935483871, 0.08064516129032258, 0.25806451612903225,
        0.016129032258064516
      ],
      [
        0.19230769230769232, 0.17307692307692307, 0.25, 0.057692307692307696,
        0.038461538461538464, 0.019230769230769232, 0.057692307692307696,
        0.019230769230769232, 0.09615384615384616, 0.09615384615384616
      ]
    ]
  },
  "Koren": {
    "raw_counts": [
      [841, 1, 0, 4, 3, 4, 0, 2, 0, 2],
      [1, 106, 0, 11, 8, 1, 0, 13, 0, 1],
      [2, 0, 144, 0, 0, 9, 0, 0, 6, 0],
      [5, 15, 0, 15, 16, 0, 0, 11, 0, 0],
      [0, 18, 0, 12, 47, 0, 1, 11, 0, 0],
      [2, 2, 6, 0, 0, 49, 0, 0, 6, 0],
      [0, 0, 0, 0, 1, 0, 20, 0, 0, 0],
      [2, 10, 0, 14, 10, 2, 0, 6, 0, 0],
      [2, 1, 8, 0, 0, 16, 0, 0, 39, 1],
      [6, 1, 0, 0, 0, 1, 0, 0, 0, 85]
    ],
    "artists": [
      "Playboi Carti",
      "Mint",
      "Che",
      "LTJ Bukem",
      "Roni Size",
      "tenkay",
      "toe",
      "Nookie",
      "OsamaSon",
      "Lil Uzi Vert"
    ],
    "row_normalised": [
      [
        0.9813302217036173, 0.0011668611435239206, 0.0, 0.004667444574095682,
        0.003500583430571762, 0.004667444574095682, 0.0, 0.002333722287047841,
        0.0, 0.002333722287047841
      ],
      [
        0.0070921985815602835, 0.75177304964539, 0.0, 0.07801418439716312,
        0.05673758865248227, 0.0070921985815602835, 0.0, 0.09219858156028368,
        0.0, 0.0070921985815602835
      ],
      [
        0.012422360248447204, 0.0, 0.8944099378881988, 0.0, 0.0,
        0.055900621118012424, 0.0, 0.0, 0.037267080745341616, 0.0
      ],
      [
        0.08064516129032258, 0.24193548387096775, 0.0, 0.24193548387096775,
        0.25806451612903225, 0.0, 0.0, 0.1774193548387097, 0.0, 0.0
      ],
      [
        0, 0.20224719101123595, 0, 0.1348314606741573, 0.5280898876404494, 0,
        0.011235955056179775, 0.12359550561797752, 0, 0
      ],
      [
        0.03076923076923077, 0.03076923076923077, 0.09230769230769231, 0.0, 0.0,
        0.7538461538461538, 0.0, 0.0, 0.09230769230769231, 0.0
      ],
      [0, 0, 0, 0, 0.047619047619047616, 0, 0.9523809523809523, 0, 0, 0],
      [
        0.045454545454545456, 0.22727272727272727, 0.0, 0.3181818181818182,
        0.22727272727272727, 0.045454545454545456, 0.0, 0.13636363636363635,
        0.0, 0.0
      ],
      [
        0.029850746268656716, 0.014925373134328358, 0.11940298507462686, 0.0,
        0.0, 0.23880597014925373, 0.0, 0.0, 0.582089552238806,
        0.014925373134328358
      ],
      [
        0.06451612903225806, 0.010752688172043012, 0.0, 0.0, 0.0,
        0.010752688172043012, 0.0, 0.0, 0.0, 0.9139784946236559
      ]
    ]
  },
  "Alan": {
    "raw_counts": [
      [240, 22, 58, 4, 27, 22, 33, 19, 10, 19],
      [16, 631, 12, 2, 22, 15, 8, 19, 6, 11],
      [52, 18, 111, 3, 50, 20, 29, 24, 2, 27],
      [6, 3, 3, 409, 2, 2, 3, 0, 16, 1],
      [38, 28, 37, 1, 189, 22, 13, 20, 0, 10],
      [28, 9, 21, 0, 12, 243, 12, 16, 1, 16],
      [31, 13, 28, 2, 21, 22, 57, 15, 0, 15],
      [31, 19, 26, 1, 20, 15, 16, 139, 0, 12],
      [7, 8, 1, 8, 1, 1, 4, 1, 331, 0],
      [25, 16, 42, 2, 22, 13, 17, 12, 0, 113]
    ],
    "artists": [
      "Kanye West",
      "JPEGMAFIA",
      "Kendrick Lamar",
      "Jessie Ware",
      "Denzel Curry",
      "Danny Brown",
      "Freddie Gibbs",
      "JID",
      "Fiona Apple",
      "A Tribe Called Quest"
    ],
    "row_normalised": [
      [
        0.5286343612334802, 0.048458149779735685, 0.1277533039647577,
        0.00881057268722467, 0.05947136563876652, 0.048458149779735685,
        0.07268722466960352, 0.04185022026431718, 0.022026431718061675,
        0.04185022026431718
      ],
      [
        0.0215633423180593, 0.8504043126684636, 0.016172506738544475,
        0.0026954177897574125, 0.029649595687331536, 0.02021563342318059,
        0.01078167115902965, 0.025606469002695417, 0.008086253369272238,
        0.014824797843665768
      ],
      [
        0.15476190476190477, 0.05357142857142857, 0.33035714285714285,
        0.008928571428571428, 0.1488095238095238, 0.05952380952380952,
        0.08630952380952381, 0.07142857142857142, 0.005952380952380952,
        0.08035714285714286
      ],
      [
        0.01348314606741573, 0.006741573033707865, 0.006741573033707865,
        0.9191011235955057, 0.0044943820224719105, 0.0044943820224719105,
        0.006741573033707865, 0.0, 0.035955056179775284, 0.0022471910112359553
      ],
      [
        0.10614525139664804, 0.0782122905027933, 0.10335195530726257,
        0.002793296089385475, 0.5279329608938548, 0.061452513966480445,
        0.036312849162011177, 0.055865921787709494, 0.0, 0.027932960893854747
      ],
      [
        0.0782122905027933, 0.025139664804469275, 0.05865921787709497, 0.0,
        0.0335195530726257, 0.6787709497206704, 0.0335195530726257,
        0.0446927374301676, 0.002793296089385475, 0.0446927374301676
      ],
      [
        0.15196078431372548, 0.06372549019607843, 0.13725490196078433,
        0.00980392156862745, 0.10294117647058823, 0.10784313725490197,
        0.27941176470588236, 0.07352941176470588, 0.0, 0.07352941176470588
      ],
      [
        0.1111111111111111, 0.06810035842293907, 0.0931899641577061,
        0.0035842293906810036, 0.07168458781362007, 0.053763440860215055,
        0.05734767025089606, 0.4982078853046595, 0.0, 0.043010752688172046
      ],
      [
        0.019337016574585635, 0.022099447513812154, 0.0027624309392265192,
        0.022099447513812154, 0.0027624309392265192, 0.0027624309392265192,
        0.011049723756906077, 0.0027624309392265192, 0.914364640883978, 0.0
      ],
      [
        0.09541984732824428, 0.061068702290076333, 0.16030534351145037,
        0.007633587786259542, 0.08396946564885496, 0.04961832061068702,
        0.0648854961832061, 0.04580152671755725, 0.0, 0.4312977099236641
      ]
    ]
  }
}
