{
  "alltime": {
    "features": [
      "skip_rate",
      "shuffle_rate",
      "offline_rate",
      "avg_min_played",
      "artist_entropy",
      "top1_artist_share"
    ],
    "users": [
      "Alan",
      "Alexandra",
      "Anthony",
      "Koren"
    ],
    "feature_matrix": {
      "Alan": {
        "skip_rate": 0.259974486331486,
        "shuffle_rate": 0.633898893739801,
        "offline_rate": 0.00130462563255419,
        "avg_min_played": 0.9506808277916429,
        "artist_entropy": 6.920295468012327,
        "top1_artist_share": 0.09717012006563203
      },
      "Alexandra": {
        "skip_rate": 0.117458565120147,
        "shuffle_rate": 0.932965819808453,
        "offline_rate": 0.0497792051384986,
        "avg_min_played": 2.0962953353501175,
        "artist_entropy": 7.389575503065155,
        "top1_artist_share": 0.06671875896083042
      },
      "Anthony": {
        "skip_rate": 0.341089443685395,
        "shuffle_rate": 0.538263017706565,
        "offline_rate": 0.0040183379822696,
        "avg_min_played": 1.531394397751372,
        "artist_entropy": 7.296001308114015,
        "top1_artist_share": 0.09355635600822534
      },
      "Koren": {
        "skip_rate": 0.275211856229979,
        "shuffle_rate": 0.651453082873416,
        "offline_rate": 0.00886570768526738,
        "avg_min_played": 1.194161051442791,
        "artist_entropy": 9.326002477306304,
        "top1_artist_share": 0.031779812871816644
      }
    },
    "distance_matrix": [
      [
        0.0,
        4.684948744801201,
        1.8537548415274432,
        3.6541517474134104
      ],
      [
        4.684948744801201,
        0.0,
        4.785244737491514,
        4.709420025424649
      ],
      [
        1.8537548415274432,
        4.785244737491514,
        0.0,
        3.490676020402613
      ],
      [
        3.6541517474134104,
        4.709420025424649,
        3.490676020402613,
        0.0
      ]
    ],
    "linkage_matrix": [
      [
        0.0,
        2.0,
        1.8537548415274432,
        2.0
      ],
      [
        3.0,
        4.0,
        3.984924973471486,
        3.0
      ],
      [
        1.0,
        5.0,
        5.35574139996666,
        4.0
      ]
    ]
  },
  "2024": {
    "features": [
      "skip_rate",
      "shuffle_rate",
      "offline_rate",
      "avg_min_played",
      "artist_entropy",
      "top1_artist_share"
    ],
    "users": [
      "Alan",
      "Alexandra",
      "Anthony",
      "Koren"
    ],
    "feature_matrix": {
      "Alan": {
        "skip_rate": 0.806597387068981,
        "shuffle_rate": 0.729088639200999,
        "offline_rate": 0.0014418596472719,
        "avg_min_played": 1.3093387379625234,
        "artist_entropy": 7.187442731940799,
        "top1_artist_share": 0.04921664820382972
      },
      "Alexandra": {
        "skip_rate": 0.370936438622028,
        "shuffle_rate": 0.894873038977842,
        "offline_rate": 0.0,
        "avg_min_played": 2.203675219688393,
        "artist_entropy": 7.117594070974393,
        "top1_artist_share": 0.07989649037683973
      },
      "Anthony": {
        "skip_rate": 0.556267623686234,
        "shuffle_rate": 0.682987268221823,
        "offline_rate": 8.54846982390152e-05,
        "avg_min_played": 1.6167807898259705,
        "artist_entropy": 6.893998973307777,
        "top1_artist_share": 0.07331453473468341
      },
      "Koren": {
        "skip_rate": 0.587391960488407,
        "shuffle_rate": 0.761627109342845,
        "offline_rate": 0.0168747427630676,
        "avg_min_played": 2.5321274157406135,
        "artist_entropy": 8.437622514289835,
        "top1_artist_share": 0.05227054465633146
      }
    },
    "distance_matrix": [
      [
        0.0,
        4.615551637267503,
        2.6432782812937625,
        4.211447318925559
      ],
      [
        4.615551637267503,
        0.0,
        3.246472776463792,
        4.4822686306028166
      ],
      [
        2.6432782812937625,
        3.246472776463792,
        0.0,
        4.398085597855746
      ],
      [
        4.211447318925559,
        4.4822686306028166,
        4.398085597855746,
        0.0
      ]
    ],
    "linkage_matrix": [
      [
        0.0,
        2.0,
        2.6432782812937625,
        2.0
      ],
      [
        1.0,
        4.0,
        4.347370267830396,
        3.0
      ],
      [
        3.0,
        5.0,
        4.702494197978874,
        4.0
      ]
    ]
  },
  "2025": {
    "features": [
      "skip_rate",
      "shuffle_rate",
      "offline_rate",
      "avg_min_played",
      "artist_entropy",
      "top1_artist_share"
    ],
    "users": [
      "Alan",
      "Alexandra",
      "Anthony",
      "Koren"
    ],
    "feature_matrix": {
      "Alan": {
        "skip_rate": 0.802811135371179,
        "shuffle_rate": 0.496895469432314,
        "offline_rate": 0.00119405021834061,
        "avg_min_played": 1.5017150956377365,
        "artist_entropy": 7.112168355063494,
        "top1_artist_share": 0.040222434497816595
      },
      "Alexandra": {
        "skip_rate": 0.263574790494777,
        "shuffle_rate": 0.957754563195959,
        "offline_rate": 0.0137756859143612,
        "avg_min_played": 2.389799328435312,
        "artist_entropy": 7.214489977198072,
        "top1_artist_share": 0.06463092641487773
      },
      "Anthony": {
        "skip_rate": 0.31898124498285,
        "shuffle_rate": 0.61541268335401,
        "offline_rate": 0.00467051010727578,
        "avg_min_played": 2.423902240385317,
        "artist_entropy": 6.845651097836776,
        "top1_artist_share": 0.08749908779099468
      },
      "Koren": {
        "skip_rate": 0.551416058394161,
        "shuffle_rate": 0.766014598540146,
        "offline_rate": 0.008,
        "avg_min_played": 2.4771122520681264,
        "artist_entropy": 8.558262870386919,
        "top1_artist_share": 0.06254014598540146
      }
    },
    "distance_matrix": [
      [
        0.0,
        5.282057787489821,
        4.421951046102555,
        4.2844910126496485
      ],
      [
        5.282057787489821,
        0.0,
        3.17024283644343,
        2.9616422182325235
      ],
      [
        4.421951046102555,
        3.17024283644343,
        0.0,
        3.371585230596567
      ],
      [
        4.2844910126496485,
        2.9616422182325235,
        3.371585230596567,
        0.0
      ]
    ],
    "linkage_matrix": [
      [
        1.0,
        3.0,
        2.9616422182325235,
        2.0
      ],
      [
        2.0,
        4.0,
        3.3697046650796323,
        3.0
      ],
      [
        0.0,
        5.0,
        5.2795611409778465,
        4.0
      ]
    ]
  }
}