{
    "2025": {
        "users": [
            "Alan",
            "Alexandra",
            "Anthony",
            "Koren"
        ],
        "matrix": [
            [
                0.9999999999999998,
                0.0062632243409380586,
                0.24235028929536614,
                0.05496472291899267
            ],
            [
                0.0062632243409380586,
                1.0,
                0.0007149159744450936,
                0.011025132119239354
            ],
            [
                0.24235028929536614,
                0.0007149159744450936,
                0.9999999999999998,
                0.18983244194086216
            ],
            [
                0.05496472291899267,
                0.011025132119239354,
                0.18983244194086216,
                1.0
            ]
        ],
        "pairs": [
            {
                "users": [
                    "Alan",
                    "Alexandra"
                ],
                "cosine": 0.0062632243409380586
            },
            {
                "users": [
                    "Alan",
                    "Anthony"
                ],
                "cosine": 0.24235028929536614
            },
            {
                "users": [
                    "Alan",
                    "Koren"
                ],
                "cosine": 0.05496472291899267
            },
            {
                "users": [
                    "Alexandra",
                    "Anthony"
                ],
                "cosine": 0.0007149159744450936
            },
            {
                "users": [
                    "Alexandra",
                    "Koren"
                ],
                "cosine": 0.011025132119239354
            },
            {
                "users": [
                    "Anthony",
                    "Koren"
                ],
                "cosine": 0.18983244194086216
            }
        ],
        "vocab_size": 500
    },
    "alltime": {
        "users": [
            "Alan",
            "Alexandra",
            "Anthony",
            "Koren"
        ],
        "matrix": [
            [
                0.9999999999999998,
                0.002363994653346051,
                0.8749540645201891,
                0.2681589995391613
            ],
            [
                0.002363994653346051,
                0.9999999999999999,
                0.00010399856967705931,
                0.010429766016350669
            ],
            [
                0.8749540645201891,
                0.00010399856967705931,
                0.9999999999999997,
                0.3530244357532876
            ],
            [
                0.2681589995391613,
                0.010429766016350669,
                0.3530244357532876,
                1.0
            ]
        ],
        "pairs": [
            {
                "users": [
                    "Alan",
                    "Alexandra"
                ],
                "cosine": 0.002363994653346051
            },
            {
                "users": [
                    "Alan",
                    "Anthony"
                ],
                "cosine": 0.8749540645201891
            },
            {
                "users": [
                    "Alan",
                    "Koren"
                ],
                "cosine": 0.2681589995391613
            },
            {
                "users": [
                    "Alexandra",
                    "Anthony"
                ],
                "cosine": 0.00010399856967705931
            },
            {
                "users": [
                    "Alexandra",
                    "Koren"
                ],
                "cosine": 0.010429766016350669
            },
            {
                "users": [
                    "Anthony",
                    "Koren"
                ],
                "cosine": 0.3530244357532876
            }
        ],
        "vocab_size": 614
    },
    "2024": {
        "users": [
            "Alan",
            "Alexandra",
            "Anthony",
            "Koren"
        ],
        "matrix": [
            [
                1,
                0.003139956273995445,
                0.4523848297620364,
                0.034807219731176724
            ],
            [
                0.003139956273995445,
                0.9999999999999999,
                0.0006927460070106262,
                0.003160311858240892
            ],
            [
                0.4523848297620364,
                0.0006927460070106262,
                0.9999999999999999,
                0.024718120979573873
            ],
            [
                0.034807219731176724,
                0.003160311858240892,
                0.024718120979573873,
                1.0
            ]
        ],
        "pairs": [
            {
                "users": [
                    "Alan",
                    "Alexandra"
                ],
                "cosine": 0.003139956273995445
            },
            {
                "users": [
                    "Alan",
                    "Anthony"
                ],
                "cosine": 0.4523848297620364
            },
            {
                "users": [
                    "Alan",
                    "Koren"
                ],
                "cosine": 0.034807219731176724
            },
            {
                "users": [
                    "Alexandra",
                    "Anthony"
                ],
                "cosine": 0.0006927460070106262
            },
            {
                "users": [
                    "Alexandra",
                    "Koren"
                ],
                "cosine": 0.003160311858240892
            },
            {
                "users": [
                    "Anthony",
                    "Koren"
                ],
                "cosine": 0.024718120979573873
            }
        ],
        "vocab_size": 505
    }
}